{
  "nbformat": 4,
  "nbformat_minor": 0,
  "metadata": {
    "colab": {
      "provenance": [],
      "authorship_tag": "ABX9TyOio2+SOwBlIpHbdPL0t3mL",
      "include_colab_link": true
    },
    "kernelspec": {
      "name": "python3",
      "display_name": "Python 3"
    },
    "language_info": {
      "name": "python"
    }
  },
  "cells": [
    {
      "cell_type": "markdown",
      "metadata": {
        "id": "view-in-github",
        "colab_type": "text"
      },
      "source": [
        "<a href=\"https://colab.research.google.com/github/SyakiraBila/DDP/blob/main/Syakira_0110123149_SI03.ipynb\" target=\"_parent\"><img src=\"https://colab.research.google.com/assets/colab-badge.svg\" alt=\"Open In Colab\"/></a>"
      ]
    },
    {
      "cell_type": "code",
      "execution_count": 4,
      "metadata": {
        "colab": {
          "base_uri": "https://localhost:8080/"
        },
        "id": "v0WYHMzt1fi7",
        "outputId": "4a2f7401-72e0-4b68-de6a-1fad54510418"
      },
      "outputs": [
        {
          "output_type": "stream",
          "name": "stdout",
          "text": [
            "50\n",
            "51\n",
            "52\n",
            "53\n",
            "54\n",
            "55\n",
            "56\n",
            "57\n",
            "58\n",
            "59\n",
            "60\n"
          ]
        }
      ],
      "source": [
        "a =50\n",
        "while a <=60:\n",
        "  print(a)\n",
        "  a+= 1\n"
      ]
    },
    {
      "cell_type": "code",
      "source": [
        "j =1\n",
        "while(j<=20):\n",
        " k = 1\n",
        " while (k<=20):\n",
        "  print(j*k, end=\" \")\n",
        "  k+=1\n",
        " print()\n",
        " j+=1\n"
      ],
      "metadata": {
        "colab": {
          "base_uri": "https://localhost:8080/"
        },
        "id": "uMHpS3OQ6Hak",
        "outputId": "ad39784f-963d-48aa-80e6-c7c51547d5d0"
      },
      "execution_count": 12,
      "outputs": [
        {
          "output_type": "stream",
          "name": "stdout",
          "text": [
            "1 2 3 4 5 6 7 8 9 10 11 12 13 14 15 16 17 18 19 20 \n",
            "2 4 6 8 10 12 14 16 18 20 22 24 26 28 30 32 34 36 38 40 \n",
            "3 6 9 12 15 18 21 24 27 30 33 36 39 42 45 48 51 54 57 60 \n",
            "4 8 12 16 20 24 28 32 36 40 44 48 52 56 60 64 68 72 76 80 \n",
            "5 10 15 20 25 30 35 40 45 50 55 60 65 70 75 80 85 90 95 100 \n",
            "6 12 18 24 30 36 42 48 54 60 66 72 78 84 90 96 102 108 114 120 \n",
            "7 14 21 28 35 42 49 56 63 70 77 84 91 98 105 112 119 126 133 140 \n",
            "8 16 24 32 40 48 56 64 72 80 88 96 104 112 120 128 136 144 152 160 \n",
            "9 18 27 36 45 54 63 72 81 90 99 108 117 126 135 144 153 162 171 180 \n",
            "10 20 30 40 50 60 70 80 90 100 110 120 130 140 150 160 170 180 190 200 \n",
            "11 22 33 44 55 66 77 88 99 110 121 132 143 154 165 176 187 198 209 220 \n",
            "12 24 36 48 60 72 84 96 108 120 132 144 156 168 180 192 204 216 228 240 \n",
            "13 26 39 52 65 78 91 104 117 130 143 156 169 182 195 208 221 234 247 260 \n",
            "14 28 42 56 70 84 98 112 126 140 154 168 182 196 210 224 238 252 266 280 \n",
            "15 30 45 60 75 90 105 120 135 150 165 180 195 210 225 240 255 270 285 300 \n",
            "16 32 48 64 80 96 112 128 144 160 176 192 208 224 240 256 272 288 304 320 \n",
            "17 34 51 68 85 102 119 136 153 170 187 204 221 238 255 272 289 306 323 340 \n",
            "18 36 54 72 90 108 126 144 162 180 198 216 234 252 270 288 306 324 342 360 \n",
            "19 38 57 76 95 114 133 152 171 190 209 228 247 266 285 304 323 342 361 380 \n",
            "20 40 60 80 100 120 140 160 180 200 220 240 260 280 300 320 340 360 380 400 \n"
          ]
        }
      ]
    },
    {
      "cell_type": "code",
      "source": [
        "numbers = [951, 402, 984, 651, 360, 69, 408, 319, 601, 485, 980, 507, 725, 547, 544,  615, 83, 165, 141, 501, 263, 617, 865, 575, 219, 390, 984, 592, 236, 105, 942, 941,  386, 462, 47, 418, 907, 344, 236, 375, 823, 566, 597, 978, 328, 615, 953, 345,  399, 162, 758, 219, 918, 237, 412, 566, 826, 248, 866, 950, 626, 949, 687, 217, 815, 67, 104, 58, 512, 24, 892, 894, 767, 553, 81, 379, 843, 831, 445, 742, 717, 958, 609, 842, 451, 688, 753, 854, 685, 93, 857, 440, 380, 126, 721, 328, 753, 470, 743, 527\n",
        "]\n",
        "i =0\n",
        "while i < len(numbers):\n",
        "  if numbers [i] == 553:\n",
        "    break\n",
        "  if numbers [i] % 2 !=0:\n",
        "    print(numbers[i])\n",
        "  i+=1"
      ],
      "metadata": {
        "colab": {
          "base_uri": "https://localhost:8080/"
        },
        "id": "MDHa1FoV9yUV",
        "outputId": "625f7a74-4d26-4d49-f9b3-bbdc08f56f82"
      },
      "execution_count": 29,
      "outputs": [
        {
          "output_type": "stream",
          "name": "stdout",
          "text": [
            "951\n",
            "651\n",
            "69\n",
            "319\n",
            "601\n",
            "485\n",
            "507\n",
            "725\n",
            "547\n",
            "615\n",
            "83\n",
            "165\n",
            "141\n",
            "501\n",
            "263\n",
            "617\n",
            "865\n",
            "575\n",
            "219\n",
            "105\n",
            "941\n",
            "47\n",
            "907\n",
            "375\n",
            "823\n",
            "597\n",
            "615\n",
            "953\n",
            "345\n",
            "399\n",
            "219\n",
            "237\n",
            "949\n",
            "687\n",
            "217\n",
            "815\n",
            "67\n",
            "767\n"
          ]
        }
      ]
    },
    {
      "cell_type": "code",
      "source": [
        "total = 0\n",
        "for j in range(1,20, 2):\n",
        "  total += j\n",
        "\n",
        "print('1 + 3 + 5 + 7 + 9 + 11 + 13 + 15 + 17 + 19 =', total)"
      ],
      "metadata": {
        "colab": {
          "base_uri": "https://localhost:8080/"
        },
        "id": "lCk7UhMCGeqB",
        "outputId": "891f7e83-344f-4643-c0b2-32718a9d5eb4"
      },
      "execution_count": 30,
      "outputs": [
        {
          "output_type": "stream",
          "name": "stdout",
          "text": [
            "1 + 3 + 5 + 7 + 9 + 11 + 13 + 15 + 17 + 19 = 100\n"
          ]
        }
      ]
    },
    {
      "cell_type": "code",
      "source": [
        "baris =int(input('masukan baris;'))\n",
        "for i in range(1, baris + 1):\n",
        "  print(i * '*')"
      ],
      "metadata": {
        "colab": {
          "base_uri": "https://localhost:8080/"
        },
        "id": "CsTeEjQMJETj",
        "outputId": "4af08ed9-6e3d-46b2-dc27-bb1b915a0370"
      },
      "execution_count": 32,
      "outputs": [
        {
          "output_type": "stream",
          "name": "stdout",
          "text": [
            "masukan baris;12\n",
            "*\n",
            "**\n",
            "***\n",
            "****\n",
            "*****\n",
            "******\n",
            "*******\n",
            "********\n",
            "*********\n",
            "**********\n",
            "***********\n",
            "************\n"
          ]
        }
      ]
    },
    {
      "cell_type": "code",
      "source": [
        "+"
      ],
      "metadata": {
        "id": "k5VQ581sJVQq"
      },
      "execution_count": null,
      "outputs": []
    }
  ]
}